-2.547844e-02 -2.945471e+00 1.000000e+01
-1.018605e+00 2.918928e+00 1.000000e+01
4.151857e-01 -1.622048e+01 1.000000e+01
1.597906e+01 1.495460e+00 1.000000e+01
1.157932e+01 1.139086e+01 1.000000e+01
2.340961e+01 9.534863e+00 1.000000e+01
2.102745e+01 1.387045e+01 1.000000e+01
2.122649e+01 1.484974e+01 1.000000e+01
1.830974e+01 1.833703e+01 1.000000e+01
1.806805e+01 1.214052e+01 1.000000e+01
2.372112e+01 1.106457e+01 1.000000e+01
1.251175e+01 1.627324e+01 1.000000e+01
1.726098e+01 1.831344e+01 1.000000e+01
1.290346e+01 2.143867e+01 1.000000e+01
1.505602e+01 2.147731e+01 1.000000e+01
1.638431e+01 1.268182e+01 1.000000e+01
1.521179e+01 1.593195e+01 1.000000e+01
2.575393e+01 6.905181e+00 1.000000e+01
1.270559e+01 1.398958e+00 1.000000e+01
2.049997e+01 2.982380e+00 1.000000e+01
2.621758e+01 2.274503e+00 1.000000e+01
2.477236e+01 4.518979e+00 1.000000e+01
2.046886e+01 7.863144e+00 1.000000e+01
2.168228e+01 -2.332950e-01 1.000000e+01
2.151072e+01 4.319307e+00 1.000000e+01
1.185338e+01 5.746652e+00 1.000000e+01
1.897711e+01 8.394526e+00 1.000000e+01
1.478441e+01 6.980045e+00 1.000000e+01
1.389098e+01 1.083595e+01 1.000000e+01
1.711222e+01 3.016138e+00 1.000000e+01
1.601158e+01 6.517753e+00 1.000000e+01
-1.246436e+00 8.389268e+00 1.000000e+01
1.115724e+01 3.703673e+00 1.000000e+01
6.741446e+00 1.581003e+01 1.000000e+01
7.215176e+00 2.097985e+01 1.000000e+01
1.119513e+01 1.870332e+01 1.000000e+01
8.125158e+00 2.365866e+01 1.000000e+01
1.113717e+01 2.388783e+01 1.000000e+01
3.555506e+00 1.687105e+01 1.000000e+01
8.616245e+00 1.887035e+01 1.000000e+01
-1.163629e+00 2.059426e+01 1.000000e+01
6.787805e+00 2.536494e+01 1.000000e+01
2.997774e+00 2.505015e+01 1.000000e+01
2.273082e+00 2.580830e+01 1.000000e+01
3.694655e+00 2.047011e+01 1.000000e+01
2.685673e+00 2.141556e+01 1.000000e+01
7.426699e+00 1.416913e+01 1.000000e+01
6.660821e+00 9.007096e-01 1.000000e+01
7.472386e+00 3.080152e+00 1.000000e+01
1.057599e+01 1.361850e+01 1.000000e+01
7.807585e+00 8.585148e+00 1.000000e+01
5.720296e+00 1.137659e+01 1.000000e+01
5.881900e+00 5.625324e+00 1.000000e+01
9.384800e+00 8.628055e+00 1.000000e+01
1.645650e+00 1.317045e+01 1.000000e+01
3.171633e+00 5.831490e+00 1.000000e+01
3.681303e+00 1.121864e+01 1.000000e+01
1.796167e+00 1.574011e+01 1.000000e+01
1.244686e+00 2.894107e+00 1.000000e+01
2.045991e+00 7.843724e+00 1.000000e+01
1.138801e+01 -1.517770e+00 1.000000e+01
1.372488e+01 -1.670787e+01 1.000000e+01
2.504138e+01 -2.765691e-01 1.000000e+01
2.341457e+01 -1.092219e+01 1.000000e+01
2.148125e+01 -5.071069e+00 1.000000e+01
2.042617e+01 -1.967351e+00 1.000000e+01
2.444261e+01 -5.607343e+00 1.000000e+01
2.616202e+01 -2.269041e+00 1.000000e+01
1.975866e+01 -9.583610e+00 1.000000e+01
2.511405e+01 -6.735730e+00 1.000000e+01
1.253226e+01 -3.200524e+00 1.000000e+01
1.940899e+01 -7.148502e+00 1.000000e+01
1.587729e+01 -3.487365e+00 1.000000e+01
1.715182e+01 -1.771405e+00 1.000000e+01
1.385068e+01 -8.579748e+00 1.000000e+01
1.661804e+01 -6.064440e+00 1.000000e+01
1.727625e+01 -1.146028e+01 1.000000e+01
1.858670e+01 -1.860917e+01 1.000000e+01
2.146822e+01 -1.502076e+01 1.000000e+01
2.266133e+01 -1.116115e+01 1.000000e+01
1.955420e+01 -1.560283e+01 1.000000e+01
1.404518e+01 -9.726457e+00 1.000000e+01
1.530148e+01 -2.183366e+01 1.000000e+01
1.387475e+01 -1.544239e+01 1.000000e+01
1.727686e+01 -1.375476e+01 1.000000e+01
1.214955e+01 -2.205194e+01 1.000000e+01
1.638511e+01 -1.918935e+01 1.000000e+01
2.394581e-01 -7.224375e+00 1.000000e+01
1.167988e+01 -1.275547e+01 1.000000e+01
8.949470e+00 -1.603227e+00 1.000000e+01
4.003872e+00 -1.194333e+01 1.000000e+01
4.825084e+00 -1.030607e+01 1.000000e+01
1.126624e+01 -6.764634e+00 1.000000e+01
9.398607e+00 -7.151834e+00 1.000000e+01
7.157005e+00 -4.869054e+00 1.000000e+01
1.004543e+01 -1.271552e+01 1.000000e+01
8.133035e+00 -9.970537e+00 1.000000e+01
3.110394e+00 1.376102e-01 1.000000e+01
3.968372e+00 -8.678923e+00 1.000000e+01
5.045841e+00 -4.356517e+00 1.000000e+01
4.009653e+00 -8.539820e-02 1.000000e+01
5.741769e+00 -4.887161e+00 1.000000e+01
7.416971e-01 -4.803173e+00 1.000000e+01
7.908661e+00 -1.548320e+01 1.000000e+01
7.507766e+00 -2.388404e+01 1.000000e+01
1.108324e+01 -2.377248e+01 1.000000e+01
9.252573e+00 -1.832064e+01 1.000000e+01
5.703551e+00 -1.520820e+01 1.000000e+01
6.409504e+00 -2.100355e+01 1.000000e+01
1.082120e+01 -1.874345e+01 1.000000e+01
2.261076e+00 -2.565940e+01 1.000000e+01
4.212914e+00 -2.025864e+01 1.000000e+01
3.609690e+00 -1.730096e+01 1.000000e+01
4.645009e-01 -1.285476e+01 1.000000e+01
1.727841e+00 -2.194580e+01 1.000000e+01
6.742415e+00 -2.519861e+01 1.000000e+01
1.836721e+00 -2.525765e+01 1.000000e+01
-6.085668e+00 1.348387e+00 1.000000e+01
-1.230807e+01 1.013272e+01 1.000000e+01
-2.439788e+00 4.012166e+00 1.000000e+01
-3.312722e+00 1.610221e+01 1.000000e+01
-5.975476e+00 2.111153e+01 1.000000e+01
-1.277725e+00 1.739442e+01 1.000000e+01
-1.853306e+00 2.544066e+01 1.000000e+01
-6.808324e+00 2.544013e+01 1.000000e+01
-2.280254e+00 2.589727e+01 1.000000e+01
-5.843844e+00 1.686132e+01 1.000000e+01
-2.209967e+00 2.161498e+01 1.000000e+01
-1.149214e+01 1.728461e+01 1.000000e+01
-6.886747e+00 1.928831e+01 1.000000e+01
-1.104291e+01 2.368620e+01 1.000000e+01
-7.461498e+00 2.411726e+01 1.000000e+01
-9.893046e+00 1.417429e+01 1.000000e+01
-1.050344e+01 1.909811e+01 1.000000e+01
-8.240288e+00 1.395798e+01 1.000000e+01
-1.275910e+01 6.882350e-01 1.000000e+01
-5.218436e+00 6.694206e+00 1.000000e+01
-1.981065e+00 1.156285e+01 1.000000e+01
-6.413393e+00 1.115631e+01 1.000000e+01
-2.939546e+00 1.212983e+01 1.000000e+01
-7.198972e+00 1.663558e+00 1.000000e+01
-3.186780e+00 6.124278e+00 1.000000e+01
-1.187384e+01 4.193238e+00 1.000000e+01
-7.035908e+00 9.462813e+00 1.000000e+01
-1.014698e+01 8.548873e+00 1.000000e+01
-1.235172e+01 1.187522e+01 1.000000e+01
-8.173323e+00 3.946243e+00 1.000000e+01
-1.053326e+01 4.883952e+00 1.000000e+01
-1.510399e+01 5.902097e+00 1.000000e+01
-1.792740e+01 1.002365e+01 1.000000e+01
-1.630695e+01 1.898760e+01 1.000000e+01
-1.537497e+01 1.393315e+01 1.000000e+01
-1.513495e+01 2.159191e+01 1.000000e+01
-1.194848e+01 2.200009e+01 1.000000e+01
-1.724216e+01 1.322140e+01 1.000000e+01
-1.447942e+01 1.687604e+01 1.000000e+01
-2.002306e+01 1.523416e+01 1.000000e+01
-1.858179e+01 1.860434e+01 1.000000e+01
-2.302783e+01 1.085162e+01 1.000000e+01
-2.131085e+01 1.490942e+01 1.000000e+01
-1.983186e+01 9.157379e+00 1.000000e+01
-2.171769e+01 6.246059e-01 1.000000e+01
-2.116681e+01 4.587399e+00 1.000000e+01
-1.509706e+01 8.334069e+00 1.000000e+01
-2.023114e+01 5.134538e+00 1.000000e+01
-2.317341e+01 1.081019e+01 1.000000e+01
-1.645871e+01 7.143325e-01 1.000000e+01
-1.730266e+01 4.234349e+00 1.000000e+01
-2.461965e+01 5.563658e+00 1.000000e+01
-2.525850e+01 6.773983e+00 1.000000e+01
-2.522807e+01 3.196613e-01 1.000000e+01
-2.649187e+01 2.301466e+00 1.000000e+01
-9.379841e+00 -5.139632e-01 1.000000e+01
-1.126252e+01 -2.415597e+01 1.000000e+01
-7.742813e-01 -1.183189e+01 1.000000e+01
-1.186078e+01 -4.641827e-01 1.000000e+01
-5.172262e+00 -1.547997e+01 1.000000e+01
-6.147172e+00 -9.821378e+00 1.000000e+01
-2.554966e+00 -1.894096e+00 1.000000e+01
-3.781476e+00 -2.181216e+00 1.000000e+01
-6.501371e-01 -7.902843e+00 1.000000e+01
-4.216965e+00 -7.122129e+00 1.000000e+01
-5.382126e+00 -4.121832e+00 1.000000e+01
-8.989378e+00 -1.487298e+01 1.000000e+01
-4.035827e+00 -1.259896e+01 1.000000e+01
-1.284007e+01 -1.217027e+01 1.000000e+01
-9.672350e+00 -1.314229e+01 1.000000e+01
-9.940014e+00 -5.922379e+00 1.000000e+01
-7.246826e+00 -4.035017e+00 1.000000e+01
-7.803867e+00 -9.912878e+00 1.000000e+01
-1.005163e+01 -7.645696e+00 1.000000e+01
-4.637500e+00 -1.649444e+01 1.000000e+01
-3.564982e+00 -2.482101e+01 1.000000e+01
-6.479329e-01 -2.070209e+01 1.000000e+01
-3.129009e+00 -2.193665e+01 1.000000e+01
-8.556625e-01 -1.725731e+01 1.000000e+01
-2.293176e+00 -2.605755e+01 1.000000e+01
-1.056858e+01 -1.863096e+01 1.000000e+01
-5.810157e+00 -1.981878e+01 1.000000e+01
-7.508011e+00 -2.044949e+01 1.000000e+01
-1.078992e+01 -1.765042e+01 1.000000e+01
-6.799016e+00 -2.540602e+01 1.000000e+01
-8.285471e+00 -2.380584e+01 1.000000e+01
-1.289486e+01 -2.162467e+01 1.000000e+01
-1.746992e+01 -4.818308e-01 1.000000e+01
-2.014926e+01 -8.210981e+00 1.000000e+01
-1.994683e+01 -5.652454e+00 1.000000e+01
-1.273815e+01 -3.815860e+00 1.000000e+01
-1.646044e+01 -4.177758e+00 1.000000e+01
-2.074022e+01 -4.474133e-01 1.000000e+01
-1.505911e+01 -8.412283e+00 1.000000e+01
-1.532028e+01 -4.797981e+00 1.000000e+01
-2.177490e+01 -3.979064e+00 1.000000e+01
-2.459052e+01 -4.470082e+00 1.000000e+01
-2.622318e+01 -2.275053e+00 1.000000e+01
-2.324096e+01 -9.551725e+00 1.000000e+01
-2.541247e+01 -6.814755e+00 1.000000e+01
-1.794984e+01 -9.873709e+00 1.000000e+01
-1.506874e+01 -2.149578e+01 1.000000e+01
-1.327718e+01 -9.411515e+00 1.000000e+01
-1.504837e+01 -1.430353e+01 1.000000e+01
-1.804932e+01 -1.259972e+01 1.000000e+01
-1.678250e+01 -1.853780e+01 1.000000e+01
-1.479783e+01 -1.606293e+01 1.000000e+01
-1.847191e+01 -1.849638e+01 1.000000e+01
-2.092813e+01 -1.435618e+01 1.000000e+01
-2.362773e+01 -1.102119e+01 1.000000e+01
-2.101401e+01 -1.469941e+01 1.000000e+01
